   823.685300
 50
   .000000
 15.492300
 39.000720
 48.537790
 53.148060
 49.636690
 17.635410
 36.666860
 45.337890
 50.115330
 33.458350
 39.294970
 52.731820
  5.783396
 42.956820
 41.919220
 29.538420
 56.522930
  9.830113
 35.872750
 17.891260
 21.026720
 21.308130
 66.452640
 34.490620
 47.900130
 16.622910
 49.430740
 30.258050
 19.717350
 41.650330
 58.988750
 40.499350
 22.668600
 22.247110
 13.857340
 29.617510
 31.653590
 27.533020
 47.792350
 38.179970
 36.657870
 36.747690
 23.245750
 35.019380
 42.498010
 49.428720
 53.336670
 25.014510
 42.420220
 30.580100
 15.492300
   .000000
 53.493160
 59.984250
 68.635800
 34.156170
 32.885820
 50.028920
 60.066740
 65.602920
 45.353200
 24.061890
 67.802520
 20.377460
 58.418010
 39.024190
 18.651690
 71.175890
 19.946950
 29.494280
  4.450140
 34.888980
 26.233910
 70.255620
 25.542360
 53.630320
  1.760738
 63.477080
 23.493990
 34.269320
 57.123960
 62.300320
 37.804550
 35.733290
 35.939640
 20.443040
 43.691550
 30.979910
 29.996980
 63.242740
 53.038720
 49.975360
 27.624220
 16.796450
 21.077260
 52.926030
 53.256000
 38.719010
 39.333170
 34.974230
 15.234930
 39.000720
 53.493160
   .000000
 20.325300
 24.884370
 86.951400
 21.899650
  8.026745
 32.994370
 22.798820
 42.888690
 75.150340
 33.672330
 36.653180
 20.630580
 74.989230
 68.335020
 40.492830
 34.160800
 58.149870
 56.646180
 18.705270
 51.721900
 56.334660
 72.493720
 67.336500
 54.119690
 40.486720
 55.445110
 30.740150
 15.000670
 52.311550
 73.574650
 18.662880
 34.095910
 46.816760
 32.646630
 64.396930
 58.187810
 23.510880
  3.426055
  8.268294
 62.883540
 51.601180
 73.955550
 21.772550
 45.038720
 86.698280
 31.128990
 64.189970
 67.250350
 48.537790
 59.984250
 20.325300
   .000000
 43.011020
 90.250630
 35.399410
 14.854860
 53.302510
 41.583370
 61.733680
 77.530920
 53.361740
 48.470140
 40.738390
 89.039570
 77.458320
 60.288580
 40.344920
 54.036210
 63.982370
 28.507640
 66.063350
 37.712980
 82.955630
 85.502400
 60.022020
 60.801050
 53.439670
 47.410230
 35.035630
 35.287080
 87.597060
 26.127760
 51.362660
 59.832160
 51.614280
 78.366300
 72.792400
 43.034210
 23.751000
 14.695260
 60.050420
 52.168310
 81.036960
  8.092618
 30.329860
 86.159030
 49.214760
 58.763230
 71.030930
 53.148060
 68.635800
 24.884370
 43.011020
   .000000
102.738700
 36.455830
 32.907440
 18.219970
  3.032909
 38.469060
 92.292900
 12.584610
 48.596120
 10.429010
 78.065410
 79.194960
 19.118100
 52.340940
 80.307520
 70.611270
 38.300900
 56.888290
 80.460340
 81.303010
 61.728630
 69.750730
 24.152650
 76.668460
 36.282900
 12.174610
 76.956600
 76.816790
 39.867870
 37.041230
 54.996000
 30.706350
 68.597130
 61.964230
  6.078978
 22.242560
 33.149810
 84.179670
 71.574890
 86.728130
 46.297890
 69.910280
105.599500
 32.846500
 86.723530
 83.681290
 49.636690
 34.156170
 86.951400
 90.250630
102.738700
   .000000
 66.985620
 82.574840
 93.114770
 99.706300
 75.744230
 12.910820
101.234700
 54.221020
 92.463500
 50.761690
 28.906720
104.000000
 52.796300
 41.710970
 32.262050
 68.249510
 53.204910
 89.372220
 32.993660
 75.518490
 33.182710
 95.611260
 38.997510
 67.611110
 91.279850
 81.545980
 50.382100
 68.563930
 68.551930
 50.657160
 76.343350
 49.645940
 53.098090
 97.262440
 86.799370
 82.483440
 35.298490
 38.242670
 19.475980
 82.459790
 74.530650
 16.707840
 72.340580
 41.904980
 19.711560
 17.635410
 32.885820
 21.899650
 35.399410
 36.455830
 66.985620
   .000000
 21.397550
 32.449340
 33.455170
 29.483560
 56.031170
 38.297500
 14.755120
 26.764200
 54.062210
 46.539330
 43.329990
 16.076700
 45.595120
 35.525430
  7.763752
 30.851860
 62.132230
 50.594950
 51.208270
 33.803280
 38.297940
 41.201890
 13.112830
 24.530320
 55.809580
 52.626130
 10.902030
 17.371780
 25.216380
 20.976800
 43.375230
 37.538720
 31.603220
 20.699210
 21.465440
 48.599620
 35.495020
 52.596230
 31.432150
 46.570950
 69.143690
 16.873060
 52.260120
 47.573060
 36.666860
 50.028920
  8.026745
 14.854860
 32.907440
 82.574840
 21.397550
   .000000
 39.831360
 30.777490
 46.883990
 70.375930
 41.310340
 35.486790
 28.054890
 75.457220
 66.186780
 48.028310
 30.137170
 51.372710
 53.582510
 15.652440
 52.243920
 48.815490
 71.013970
 70.690230
 50.422620
 47.233600
 49.146770
 32.746020
 22.600770
 44.479760
 74.020390
 14.300490
 36.613540
 46.490440
 36.786570
 64.768560
 58.916400
 31.303300
 10.905690
   .244268
 56.460880
 45.973030
 70.949330
 14.244760
 37.039280
 81.082050
 34.368830
 57.188410
 62.896550
 45.337890
 60.066740
 32.994370
 53.302510
 18.219970
 93.114770
 32.449340
 39.831360
   .000000
 16.654850
 21.629480
 84.116390
  8.830629
 39.836950
 12.998840
 62.034140
 67.037250
 11.192570
 47.916520
 77.935870
 61.020860
 37.713210
 42.857070
 88.512120
 67.859410
 43.688370
 61.483990
  7.505095
 73.279290
 25.801890
 18.573510
 83.621770
 60.887050
 40.355460
 24.580840
 42.877170
 16.848150
 53.377300
 46.884490
 13.214790
 29.577090
 40.061350
 80.523920
 67.088310
 75.475830
 54.060740
 75.300960
 98.598360
 20.805360
 84.626540
 75.266010
 50.115330
 65.602920
 22.798820
 41.583370
  3.032909
 99.706300
 33.455170
 30.777490
 16.654850
   .000000
 36.135740
 89.265530
 12.459240
 45.568990
  7.466078
 75.447010
 76.227880
 19.332760
 49.369910
 77.488850
 67.582820
 35.458160
 54.075730
 78.794840
 78.405000
 59.741160
 66.718730
 23.153580
 73.785660
 33.331630
  9.326825
 75.064450
 74.184230
 37.108910
 34.193850
 52.058310
 28.040050
 65.881050
 59.245330
  3.608775
 19.964010
 31.021360
 81.292570
 68.633220
 83.724260
 44.435320
 67.816690
102.597000
 30.005550
 83.931880
 80.650400
 33.458350
 45.353200
 42.888690
 61.733680
 38.469060
 75.744230
 29.483560
 46.883990
 21.629480
 36.135740
   .000000
 68.494990
 30.395780
 27.781370
 29.649530
 40.420690
 47.950770
 30.422870
 40.048250
 69.234660
 45.015910
 37.120730
 22.957710
 91.587390
 47.605020
 24.688770
 47.017400
 20.961800
 63.704660
 16.621920
 33.178660
 85.283810
 39.291990
 40.281620
 12.490760
 25.422520
 10.242340
 32.102420
 25.811290
 32.552590
 39.830410
 47.050570
 70.156240
 56.699460
 56.999610
 59.600650
 75.995520
 83.738820
 12.842440
 75.835530
 59.762390
 39.294970
 24.061890
 75.150340
 77.530920
 92.292900
 12.910820
 56.031170
 70.375930
 84.116390
 89.265530
 68.494990
   .000000
 91.856940
 44.419320
 82.203000
 50.469400
 26.049670
 95.206910
 41.069500
 29.288060
 23.505500
 56.527950
 47.137560
 76.980130
 32.363690
 72.237290
 22.721710
 87.352980
 26.175740
 58.325990
 80.539610
 69.079820
 49.748470
 56.582920
 59.862430
 43.077470
 67.650630
 46.656230
 48.595780
 87.050750
 75.230830
 70.272160
 23.128290
 25.410550
 18.327400
 69.686410
 61.814150
 15.485900
 63.354990
 30.366660
  8.858299
 52.731820
 67.802520
 33.672330
 53.361740
 12.584610
101.234700
 38.297500
 41.310340
  8.830629
 12.459240
 30.395780
 91.856940
   .000000
 47.439280
 13.365240
 70.816130
 75.596750
  6.956699
 54.248070
 83.824490
 69.024640
 42.397350
 51.610940
 90.004430
 76.597160
 51.590360
 69.146590
 12.259110
 79.497280
 33.642300
 18.716440
 85.771850
 69.680680
 44.676110
 32.921640
 51.336640
 25.353190
 62.207890
 55.712930
 10.334890
 30.454710
 41.552580
 86.875920
 73.636510
 83.895000
 55.418120
 77.997010
106.063200
 28.954730
 90.453770
 83.036850
  5.783396
 20.377460
 36.653180
 48.470140
 48.596120
 54.221020
 14.755120
 35.486790
 39.836950
 45.568990
 27.781370
 44.419320
 47.439280
   .000000
 38.265340
 40.678430
 31.890270
 50.999450
 13.420350
 41.461140
 22.018650
 20.059000
 18.397990
 69.515690
 35.849030
 43.556860
 21.708080
 43.731460
 35.931230
 14.082480
 37.477890
 62.297710
 39.236820
 22.357880
 16.466630
 11.474990
 23.892760
 30.071830
 25.041470
 43.048290
 35.379440
 35.516120
 42.506400
 28.977900
 38.452030
 43.160040
 52.719540
 58.761410
 19.328390
 48.054220
 35.610400
 42.956820
 58.418010
 20.630580
 40.738390
 10.429010
 92.463500
 26.764200
 28.054890
 12.998840
  7.466078
 29.649530
 82.203000
 13.365240
 38.265340
   .000000
 68.312100
 68.769170
 19.976560
 42.821580
 71.640600
 60.283040
 29.729460
 46.692990
 76.844450
 70.949240
 53.840820
 59.579110
 20.425790
 67.652220
 25.866270
  5.707633
 72.462640
 67.028670
 31.764640
 26.787060
 44.592280
 20.931320
 58.610850
 51.976070
  4.859881
 17.304830
 28.295260
 75.123730
 62.208960
 76.311390
 42.241810
 64.633770
 95.760730
 22.610810
 78.185390
 73.532130
 41.919220
 39.024190
 74.989230
 89.039570
 78.065410
 50.761690
 54.062210
 75.457220
 62.034140
 75.447010
 40.420690
 50.469400
 70.816130
 40.678430
 68.312100
   .000000
 24.641550
 70.412190
 51.632510
 68.215050
 35.086070
 60.533130
 23.291960
107.647900
 18.198300
 27.411120
 40.440170
 60.741280
 62.316550
 44.640110
 70.370440
 99.912520
  1.442690
 62.998970
 42.170860
 29.229240
 47.413460
 10.691000
 16.840680
 72.000140
 72.870150
 75.521120
 65.273670
 55.815230
 32.499010
 83.826130
 90.499150
 64.869980
 46.105410
 73.109290
 44.629700
 29.538420
 18.651690
 68.335020
 77.458320
 79.194960
 28.906720
 46.539330
 66.186780
 67.037250
 76.227880
 47.950770
 26.049670
 75.596750
 31.890270
 68.769170
 24.641550
   .000000
 77.444200
 37.139220
 45.302600
 14.212950
 50.561230
 25.010240
 88.722700
  7.451410
 46.883400
 19.407400
 68.512990
 39.727360
 42.922900
 68.828150
 80.729710
 23.817820
 52.064650
 42.759100
 24.339420
 50.246740
 20.993720
 24.210210
 73.320150
 67.230900
 66.172250
 41.530330
 34.119920
  9.439937
 70.793600
 71.806210
 40.980700
 46.867100
 49.508700
 20.041890
 56.522930
 71.175890
 40.492830
 60.288580
 19.118100
104.000000
 43.329990
 48.028310
 11.192570
 19.332760
 30.422870
 95.206910
  6.956699
 50.999450
 19.976560
 70.412190
 77.444200
   .000000
 58.988850
 88.909860
 72.015400
 48.086060
 52.837210
 96.794820
 77.789130
 49.086640
 72.613070
  9.685605
 84.346470
 36.939220
 25.497160
 92.430730
 69.370470
 50.539990
 35.469780
 53.524270
 27.664530
 62.514970
 56.224590
 17.282900
 37.228750
 48.269070
 91.627460
 78.225070
 86.085370
 62.193570
 84.511890
109.755800
 31.852180
 95.584860
 86.351220
  9.830113
 19.946950
 34.160800
 40.344920
 52.340940
 52.796300
 16.076700
 30.137170
 47.916520
 49.369910
 40.048250
 41.069500
 54.248070
 13.420350
 42.821580
 51.632510
 37.139220
 58.988850
   .000000
 30.166530
 23.722070
 15.475470
 31.012310
 56.647710
 42.910390
 56.966270
 20.286050
 53.128480
 25.363070
 24.220990
 40.260450
 49.234980
 50.221630
 15.885930
 27.806440
 23.604860
 34.076710
 41.453720
 37.335730
 47.647920
 34.161890
 30.074910
 32.654510
 19.423700
 40.984740
 33.702430
 39.662800
 53.425420
 29.411740
 36.877250
 33.090730
 35.872750
 29.494280
 58.149870
 54.036210
 80.307520
 41.710970
 45.595120
 51.372710
 77.935870
 77.488850
 69.234660
 29.288060
 83.824490
 41.461140
 71.640600
 68.215050
 45.302600
 88.909860
 30.166530
   .000000
 33.153000
 42.037710
 54.461160
 47.705090
 52.752400
 82.137830
 27.927190
 83.291510
  6.034173
 54.182560
 68.163770
 39.841000
 67.059350
 40.506550
 57.471070
 47.550830
 64.142510
 60.472960
 59.103660
 76.316470
 59.454200
 51.195540
  6.620382
 13.185510
 42.362510
 45.949720
 33.063300
 33.042080
 59.456550
  6.710756
 27.564610
 17.891260
  4.450140
 56.646180
 63.982370
 70.611270
 32.262050
 35.525430
 53.582510
 61.020860
 67.582820
 45.015910
 23.505500
 69.024640
 22.018650
 60.283040
 35.086070
 14.212950
 72.015400
 23.722070
 33.153000
   .000000
 38.216990
 24.433880
 74.686530
 21.104500
 51.245490
  5.469496
 63.950150
 27.232050
 35.383270
 59.364940
 66.723670
 33.913270
 39.290640
 36.560130
 19.630780
 44.368870
 27.599640
 27.361280
 65.059070
 55.991960
 53.541310
 30.682110
 20.832710
 17.375030
 57.050610
 57.699050
 38.735280
 40.215830
 38.300240
 14.747400
 21.026720
 34.888980
 18.705270
 28.507640
 38.300900
 68.249510
  7.763752
 15.652440
 37.713210
 35.458160
 37.120730
 56.527950
 42.397350
 20.059000
 29.729460
 60.533130
 50.561230
 48.086060
 15.475470
 42.037710
 38.216990
   .000000
 37.600480
 54.467820
 55.371550
 58.938420
 35.455050
 44.170530
 38.407230
 20.868770
 26.138150
 48.291510
 59.090720
  3.161338
 25.123090
 31.338980
 28.212680
 49.858660
 44.337530
 34.326710
 18.742050
 15.651860
 45.924730
 33.693310
 55.586430
 23.901130
 39.178620
 68.512760
 24.378530
 48.517840
 48.553340
 21.308130
 26.233910
 51.721900
 66.063350
 56.888290
 53.204910
 30.851860
 52.243920
 42.857070
 54.075730
 22.957710
 47.137560
 51.610940
 18.397990
 46.692990
 23.291960
 25.010240
 52.837210
 31.012310
 54.461160
 24.433880
 37.600480
   .000000
 87.629650
 25.007510
 27.680780
 27.993830
 43.686480
 48.465580
 21.711240
 48.025730
 80.247140
 21.868340
 40.237750
 19.916630
  7.462245
 26.508380
 12.676780
  6.738732
 50.831700
 49.673360
 52.315130
 53.575410
 41.275710
 34.162730
 61.261700
 70.674900
 62.610240
 24.082230
 60.501560
 38.781970
 66.452640
 70.255620
 56.334660
 37.712980
 80.460340
 89.372220
 62.132230
 48.815490
 88.512120
 78.794840
 91.587390
 76.980130
 90.004430
 69.515690
 76.844450
107.647900
 88.722700
 96.794820
 56.647710
 47.705090
 74.686530
 54.467820
 87.629650
   .000000
 95.790460
112.466300
 69.336780
 95.815940
 51.330730
 75.198000
 71.303640
  8.041403
106.279800
 51.307770
 79.458670
 80.248650
 82.482080
 97.847160
 93.981410
 79.823580
 59.566510
 48.577900
 54.076320
 55.105150
 88.237940
 34.603070
 17.150510
 78.780590
 78.830750
 48.099790
 74.233870
 34.490620
 25.542360
 72.493720
 82.955630
 81.303010
 32.993660
 50.594950
 71.013970
 67.859410
 78.405000
 47.605020
 32.363690
 76.597160
 35.849030
 70.949240
 18.198300
  7.451410
 77.789130
 42.910390
 52.752400
 21.104500
 55.371550
 25.007510
 95.790460
   .000000
 42.783720
 26.478150
 68.522200
 47.160270
 45.185380
 71.580280
 87.823450
 17.612100
 57.154730
 44.325720
 26.514650
 51.377940
 17.301130
 22.218530
 75.308700
 71.102550
 71.019620
 48.948160
 41.448870
 14.302090
 76.594220
 78.797700
 46.676170
 48.518200
 56.934990
 27.169820
 47.900130
 53.630320
 67.336500
 85.502400
 61.728630
 75.518490
 51.208270
 70.690230
 43.688370
 59.741160
 24.688770
 72.237290
 51.590360
 43.556860
 53.840820
 27.411120
 46.883400
 49.086640
 56.966270
 82.137830
 51.245490
 58.938420
 27.680780
112.466300
 42.783720
   .000000
 55.375050
 39.753490
 76.145810
 38.310180
 57.749980
105.530600
 27.064410
 62.020640
 34.204590
 34.718040
 34.811530
 25.907140
 23.932280
 56.135880
 64.373960
 70.835370
 81.164270
 68.952470
 56.149490
 82.514940
 95.987810
 87.574620
 36.380120
 88.173920
 64.632440
 16.622910
  1.760738
 54.119690
 60.022020
 69.750730
 33.182710
 33.803280
 50.422620
 61.483990
 66.718730
 47.017400
 22.721710
 69.146590
 21.708080
 59.579110
 40.440170
 19.407400
 72.613070
 20.286050
 27.927190
  5.469496
 35.455050
 27.993830
 69.336780
 26.478150
 55.375050
   .000000
 64.997470
 21.950680
 35.682330
 58.154120
 61.356830
 39.241290
 36.153630
 37.458440
 22.179840
 45.187110
 32.576620
 31.713440
 64.415260
 53.768370
 50.360930
 25.915850
 15.396790
 21.040110
 52.843540
 52.399320
 37.199210
 40.790410
 33.318810
 13.960240
 49.430740
 63.477080
 40.486720
 60.801050
 24.152650
 95.611260
 38.297940
 47.233600
  7.505095
 23.153580
 20.961800
 87.352980
 12.259110
 43.731460
 20.425790
 60.741280
 68.512990
  9.685605
 53.128480
 83.291510
 63.950150
 44.170530
 43.686480
 95.815940
 68.522200
 39.753490
 64.997470
   .000000
 78.381810
 29.728950
 26.050550
 90.785450
 59.708950
 46.954820
 27.539530
 44.962010
 19.852440
 52.975240
 46.761330
 19.991350
 37.066490
 47.461140
 85.467350
 71.922040
 77.337640
 61.440960
 82.328560
102.192200
 24.416240
 90.001530
 78.502190
 30.258050
 23.493990
 55.445110
 53.439670
 76.668460
 38.997510
 41.201890
 49.146770
 73.279290
 73.785660
 63.704660
 26.175740
 79.497280
 35.931230
 67.652220
 62.316550
 39.727360
 84.346470
 25.363070
  6.034173
 27.232050
 38.407230
 48.465580
 51.330730
 47.160270
 76.145810
 21.950680
 78.381810
   .000000
 49.001880
 64.493980
 43.331830
 61.144570
 37.233830
 52.134400
 41.607130
 59.006270
 54.464760
 53.070920
 72.402630
 56.450520
 48.989480
  7.517988
  7.217692
 37.429210
 45.374500
 35.689270
 32.719560
 54.315120
 12.207650
 22.969930
 19.717350
 34.269320
 30.740150
 47.410230
 36.282900
 67.611110
 13.112830
 32.746020
 25.801890
 33.331630
 16.621920
 58.325990
 33.642300
 14.082480
 25.866270
 44.640110
 42.922900
 36.939220
 24.220990
 54.182560
 35.383270
 20.868770
 21.711240
 75.198000
 45.185380
 38.310180
 35.682330
 29.728950
 49.001880
   .000000
 26.487950
 68.755090
 43.255600
 24.014170
  4.262498
 18.737890
 10.017960
 34.257880
 27.807440
 30.398700
 28.362890
 32.869130
 55.923860
 42.347400
 50.678720
 44.208480
 59.419820
 72.818350
  5.339243
 60.876720
 49.481250
 41.650330
 57.123960
 15.000670
 35.035630
 12.174610
 91.279850
 24.530320
 22.600770
 18.573510
  9.326825
 33.178660
 80.539610
 18.716440
 37.477890
  5.707633
 70.370440
 68.828150
 25.497160
 40.260450
 68.163770
 59.364940
 26.138150
 48.025730
 71.303640
 71.580280
 57.749980
 58.154120
 26.050550
 64.493980
 26.487950
   .000000
 67.075960
 69.039750
 27.792830
 28.254010
 45.066600
 23.635030
 60.326770
 53.735660
  8.825657
 11.740410
 22.843500
 72.005070
 59.431060
 75.899700
 36.708000
 59.428920
 93.613440
 24.265080
 74.605190
 72.019810
 58.988750
 62.300320
 52.311550
 35.287080
 76.956600
 81.545980
 55.809580
 44.479760
 83.621770
 75.064450
 85.283810
 69.079820
 85.771850
 62.297710
 72.462640
 99.912520
 80.729710
 92.430730
 49.234980
 39.841000
 66.723670
 48.291510
 80.247140
  8.041403
 87.823450
105.530600
 61.356830
 90.785450
 43.331830
 68.755090
 67.075960
   .000000
 98.554540
 45.157950
 72.998720
 72.828710
 76.485580
 90.217070
 86.514990
 75.774490
 55.378100
 44.236450
 46.277500
 47.065880
 80.196550
 30.658890
  9.580192
 71.360200
 72.643360
 40.582120
 66.212170
 40.499350
 37.804550
 73.574650
 87.597060
 76.816790
 50.382100
 52.626130
 74.020390
 60.887050
 74.184230
 39.291990
 49.748470
 69.680680
 39.236820
 67.028670
  1.442690
 23.817820
 69.370470
 50.221630
 67.059350
 33.913270
 59.090720
 21.868340
106.279800
 17.612100
 27.064410
 39.241290
 59.708950
 61.144570
 43.255600
 69.039750
 98.554540
   .000000
 61.556400
 40.824060
 27.786740
 46.145520
  9.252379
 15.449340
 70.747850
 71.466980
 74.083890
 64.200230
 54.600380
 31.902220
 82.385720
 89.132330
 64.273860
 44.776460
 72.012210
 43.741340
 22.668600
 35.733290
 18.662880
 26.127760
 39.867870
 68.563930
 10.902030
 14.300490
 40.355460
 37.108910
 40.281620
 56.582920
 44.676110
 22.357880
 31.764640
 62.998970
 52.064650
 50.539990
 15.885930
 40.506550
 39.290640
  3.161338
 40.237750
 51.307770
 57.154730
 62.020640
 36.153630
 46.954820
 37.233830
 24.014170
 27.792830
 45.157950
 61.556400
   .000000
 28.271430
 33.770010
 31.331080
 52.351750
 46.975260
 36.230670
 19.270160
 14.253620
 44.738490
 33.001320
 56.652820
 21.062270
 36.083210
 68.054570
 27.532850
 46.867050
 48.854580
 22.247110
 35.939640
 34.095910
 51.362660
 37.041230
 68.551930
 17.371780
 36.613540
 24.580840
 34.193850
 12.490760
 59.862430
 32.921640
 16.466630
 26.787060
 42.170860
 42.759100
 35.469780
 27.806440
 57.471070
 36.560130
 25.123090
 19.916630
 79.458670
 44.325720
 34.204590
 37.458440
 27.539530
 52.134400
  4.262498
 28.254010
 72.998720
 40.824060
 28.271430
   .000000
 18.437570
  7.809201
 32.074540
 25.482500
 31.012260
 31.509800
 36.747310
 58.883490
 45.316550
 50.973580
 48.361490
 63.648400
 74.652830
  4.197009
 64.136280
 51.005520
 13.857340
 20.443040
 46.816760
 59.832160
 54.996000
 50.657160
 25.216380
 46.490440
 42.877170
 52.058310
 25.422520
 43.077470
 51.336640
 11.474990
 44.592280
 29.229240
 24.339420
 53.524270
 23.604860
 47.550830
 19.630780
 31.338980
  7.462245
 80.248650
 26.514650
 34.718040
 22.179840
 44.962010
 41.607130
 18.737890
 45.066600
 72.828710
 27.786740
 33.770010
 18.437570
   .000000
 26.032830
 18.600020
 13.770340
 49.067340
 45.110370
 46.538890
 47.089830
 34.390490
 32.599660
 54.632730
 63.261660
 58.365140
 22.528580
 53.744250
 34.373460
 29.617510
 43.691550
 32.646630
 51.614280
 30.706350
 76.343350
 20.976800
 36.786570
 16.848150
 28.040050
 10.242340
 67.650630
 25.353190
 23.892760
 20.931320
 47.413460
 50.246740
 27.664530
 34.076710
 64.142510
 44.368870
 28.212680
 26.508380
 82.482080
 51.377940
 34.811530
 45.187110
 19.852440
 59.006270
 10.017960
 23.635030
 76.485580
 46.145520
 31.331080
  7.809201
 26.032830
   .000000
 37.903600
 31.276290
 24.628620
 29.601280
 36.960460
 65.941820
 52.365290
 58.629270
 49.806000
 67.387240
 82.386120
  4.691232
 70.843640
 58.792610
 31.653590
 30.979910
 64.396930
 78.366300
 68.597130
 49.645940
 43.375230
 64.768560
 53.377300
 65.881050
 32.102420
 46.656230
 62.207890
 30.071830
 58.610850
 10.691000
 20.993720
 62.514970
 41.453720
 60.472960
 27.599640
 49.858660
 12.676780
 97.847160
 17.301130
 25.907140
 32.576620
 52.975240
 54.464760
 34.257880
 60.326770
 90.217070
  9.252379
 52.351750
 32.074540
 18.600020
 37.903600
   .000000
  6.636024
 62.518190
 62.343740
 64.831770
 58.281750
 47.614390
 30.245040
 73.231730
 80.727680
 61.852710
 36.129980
 65.858440
 39.527020
 27.533020
 29.996980
 58.187810
 72.792400
 61.964230
 53.098090
 37.538720
 58.916400
 46.884490
 59.245330
 25.811290
 48.595780
 55.712930
 25.041470
 51.976070
 16.840680
 24.210210
 56.224590
 37.335730
 59.103660
 27.361280
 44.337530
  6.738732
 93.981410
 22.218530
 23.932280
 31.713440
 46.761330
 53.070920
 27.807440
 53.735660
 86.514990
 15.449340
 46.975260
 25.482500
 13.770340
 31.276290
  6.636024
   .000000
 55.885390
 56.035630
 58.991510
 57.620990
 45.985150
 33.649140
 67.993980
 76.959660
 64.034190
 29.514360
 64.877490
 40.771380
 47.792350
 63.242740
 23.510880
 43.034210
  6.078978
 97.262440
 31.603220
 31.303300
 13.214790
  3.608775
 32.552590
 87.050750
 10.334890
 43.048290
  4.859881
 72.000140
 73.320150
 17.282900
 47.647920
 76.316470
 65.059070
 34.326710
 50.831700
 79.823580
 75.308700
 56.135880
 64.415260
 19.991350
 72.402630
 30.398700
  8.825657
 75.774490
 70.747850
 36.230670
 31.012260
 49.067340
 24.628620
 62.518190
 55.885390
   .000000
 20.398520
 31.547170
 79.884790
 67.020190
 80.977290
 45.283370
 68.223960
100.620300
 26.815410
 82.833860
 78.371000
 38.179970
 53.038720
  3.426055
 23.751000
 22.242560
 86.799370
 20.699210
 10.905690
 29.577090
 19.964010
 39.830410
 75.230830
 30.454710
 35.379440
 17.304830
 72.870150
 67.230900
 37.228750
 34.161890
 59.454200
 55.991960
 18.742050
 49.673360
 59.566510
 71.102550
 64.373960
 53.768370
 37.066490
 56.450520
 28.362890
 11.740410
 55.378100
 71.466980
 19.270160
 31.509800
 45.110370
 29.601280
 62.343740
 56.035630
 20.398520
   .000000
 11.149700
 63.937580
 52.237090
 73.199290
 24.968090
 47.896000
 87.203960
 28.347620
 65.634990
 67.146930
 36.657870
 49.975360
  8.268294
 14.695260
 33.149810
 82.483440
 21.465440
   .244268
 40.061350
 31.021360
 47.050570
 70.272160
 41.552580
 35.516120
 28.295260
 75.521120
 66.172250
 48.269070
 30.074910
 51.195540
 53.541310
 15.651860
 52.315130
 48.577900
 71.019620
 70.835370
 50.360930
 47.461140
 48.989480
 32.869130
 22.843500
 44.236450
 74.083890
 14.253620
 36.747310
 46.538890
 36.960460
 64.831770
 58.991510
 31.547170
 11.149700
   .000000
 56.297460
 45.842700
 70.905910
 14.010890
 36.795460
 80.946690
 34.522330
 57.001150
 62.808860
 36.747690
 27.624220
 62.883540
 60.050420
 84.179670
 35.298490
 48.599620
 56.460880
 80.523920
 81.292570
 70.156240
 23.128290
 86.875920
 42.506400
 75.123730
 65.273670
 41.530330
 91.627460
 32.654510
  6.620382
 30.682110
 45.924730
 53.575410
 54.076320
 48.948160
 81.164270
 25.915850
 85.467350
  7.517988
 55.923860
 72.005070
 46.277500
 64.200230
 44.738490
 58.883490
 47.089830
 65.941820
 58.281750
 57.620990
 79.884790
 63.937580
 56.297460
   .000000
 13.578930
 37.532500
 51.958550
 39.670880
 26.522590
 61.257510
  8.007472
 22.595010
 23.245750
 16.796450
 51.601180
 52.168310
 71.574890
 38.242670
 35.495020
 45.973030
 67.088310
 68.633220
 56.699460
 25.410550
 73.636510
 28.977900
 62.208960
 55.815230
 34.119920
 78.225070
 19.423700
 13.185510
 20.832710
 33.693310
 41.275710
 55.105150
 41.448870
 68.952470
 15.396790
 71.922040
  7.217692
 42.347400
 59.431060
 47.065880
 54.600380
 33.001320
 45.316550
 34.390490
 52.365290
 47.614390
 45.985150
 67.020190
 52.237090
 45.842700
 13.578930
   .000000
 33.172070
 44.286740
 38.616470
 35.138630
 47.682340
 19.399510
 19.927970
 35.019380
 21.077260
 73.955550
 81.036960
 86.728130
 19.475980
 52.596230
 70.949330
 75.475830
 83.724260
 56.999610
 18.327400
 83.895000
 38.452030
 76.311390
 32.499010
  9.439937
 86.085370
 40.984740
 42.362510
 17.375030
 55.586430
 34.162730
 88.237940
 14.302090
 56.149490
 21.040110
 77.337640
 37.429210
 50.678720
 75.899700
 80.196550
 31.902220
 56.652820
 50.973580
 32.599660
 58.629270
 30.245040
 33.649140
 80.977290
 73.199290
 70.905910
 37.532500
 33.172070
   .000000
 73.882970
 71.773750
 32.374670
 54.978480
 45.489360
 14.937630
 42.498010
 52.926030
 21.772550
  8.092618
 46.297890
 82.459790
 31.432150
 14.244760
 54.060740
 44.435320
 59.600650
 69.686410
 55.418120
 43.160040
 42.241810
 83.826130
 70.793600
 62.193570
 33.702430
 45.949720
 57.050610
 23.901130
 61.261700
 34.603070
 76.594220
 82.514940
 52.843540
 61.440960
 45.374500
 44.208480
 36.708000
 30.658890
 82.385720
 21.062270
 48.361490
 54.632730
 49.806000
 73.231730
 67.993980
 45.283370
 24.968090
 14.010890
 51.958550
 44.286740
 73.882970
   .000000
 24.164620
 78.093280
 46.800180
 50.738570
 63.389520
 49.428720
 53.256000
 45.038720
 30.329860
 69.910280
 74.530650
 46.570950
 37.039280
 75.300960
 67.816690
 75.995520
 61.814150
 77.997010
 52.719540
 64.633770
 90.499150
 71.806210
 84.511890
 39.662800
 33.063300
 57.699050
 39.178620
 70.674900
 17.150510
 78.797700
 95.987810
 52.399320
 82.328560
 35.689270
 59.419820
 59.428920
  9.580192
 89.132330
 36.083210
 63.648400
 63.261660
 67.387240
 80.727680
 76.959660
 68.223960
 47.896000
 36.795460
 39.670880
 38.616470
 71.773750
 24.164620
   .000000
 65.689110
 63.439110
 35.106800
 58.200910
 53.336670
 38.719010
 86.698280
 86.159030
105.599500
 16.707840
 69.143690
 81.082050
 98.598360
102.597000
 83.738820
 15.485900
106.063200
 58.761410
 95.760730
 64.869980
 40.980700
109.755800
 53.425420
 33.042080
 38.735280
 68.512760
 62.610240
 78.780590
 46.676170
 87.574620
 37.199210
102.192200
 32.719560
 72.818350
 93.613440
 71.360200
 64.273860
 68.054570
 74.652830
 58.365140
 82.386120
 61.852710
 64.034190
100.620300
 87.203960
 80.946690
 26.522590
 35.138630
 32.374670
 78.093280
 65.689110
   .000000
 77.971990
 30.797210
 23.993440
 25.014510
 39.333170
 31.128990
 49.214760
 32.846500
 72.340580
 16.873060
 34.368830
 20.805360
 30.005550
 12.842440
 63.354990
 28.954730
 19.328390
 22.610810
 46.105410
 46.867100
 31.852180
 29.411740
 59.456550
 40.215830
 24.378530
 24.082230
 78.830750
 48.518200
 36.380120
 40.790410
 24.416240
 54.315120
  5.339243
 24.265080
 72.643360
 44.776460
 27.532850
  4.197009
 22.528580
  4.691232
 36.129980
 29.514360
 26.815410
 28.347620
 34.522330
 61.257510
 47.682340
 54.978480
 46.800180
 63.439110
 77.971990
   .000000
 66.156490
 54.499060
 42.420220
 34.974230
 64.189970
 58.763230
 86.723530
 41.904980
 52.260120
 57.188410
 84.626540
 83.931880
 75.835530
 30.366660
 90.453770
 48.054220
 78.185390
 73.109290
 49.508700
 95.584860
 36.877250
  6.710756
 38.300240
 48.517840
 60.501560
 48.099790
 56.934990
 88.173920
 33.318810
 90.001530
 12.207650
 60.876720
 74.605190
 40.582120
 72.012210
 46.867050
 64.136280
 53.744250
 70.843640
 65.858440
 64.877490
 82.833860
 65.634990
 57.001150
  8.007472
 19.399510
 45.489360
 50.738570
 35.106800
 30.797210
 66.156490
   .000000
 30.558750
 30.580100
 15.234930
 67.250350
 71.030930
 83.681290
 19.711560
 47.573060
 62.896550
 75.266010
 80.650400
 59.762390
  8.858299
 83.036850
 35.610400
 73.532130
 44.629700
 20.041890
 86.351220
 33.090730
 27.564610
 14.747400
 48.553340
 38.781970
 74.233870
 27.169820
 64.632440
 13.960240
 78.502190
 22.969930
 49.481250
 72.019810
 66.212170
 43.741340
 48.854580
 51.005520
 34.373460
 58.792610
 39.527020
 40.771380
 78.371000
 67.146930
 62.808860
 22.595010
 19.927970
 14.937630
 63.389520
 58.200910
 23.993440
 54.499060
 30.558750
   .000000
  1.844858
  1.100997
 58.940370
 36.434640
 85.312650
 88.699010
  1.620435
  1.069723
 46.346760
 40.483430
 63.190330
 79.228360
 12.791390
 17.152910
 31.242700
 32.580680
 57.225720
 83.886600
  9.145314
  4.958996
 55.820990
 59.781590
 34.896240
 31.658050
 89.473940
104.387000
 14.243040
 16.800590
 80.430440
108.837200
 59.168050
 32.481740
  9.047647
 11.035570
 11.182660
 12.711000
 39.171860
 57.713040
  5.493229
  4.332090
 91.210170
136.029200
 27.299100
 39.769160
 66.210190
 52.174320
 41.846250
 47.349270
  3.142079
  4.366319
 90.780300
115.673400
 10.518450
 12.080100
 94.949610
 90.524900
 28.980460
 21.346050
  4.426137
  6.249761
 56.478580
 39.643800
 69.433730
 76.523680
 59.878220
 37.510980
 37.580890
 32.623250
 30.418720
 20.367840
 86.458150
 61.712180
 47.167340
 50.818870
 31.958750
 29.573090
 89.690770
 96.332980
 73.814510
 51.368820
 85.372310
110.679100
 79.063790
 51.931610
 92.075300
 49.604770
 85.289290
109.449400
 92.687310
120.934800
 56.672130
 36.009960
 14.936940
  8.366390
 93.609990
130.457200
 35.528650
 20.248550
 26.988920
 15.450900
